Liver	Pancreatic	LUAD	LUSC	BRCA	Prostate	PilocyticAstrocytoma	Medulloblastoma	LGG	GBM	Renal	Ovarian	Colon	MalignantLymphoma	Melanoma	HNSC	THCA	UCEC	BLCA	CLL	ESAD
CA A.A	46596	21889	44281	53079	10412	17592	210	2664	526	3134	9925	18235	29572	3398	43897	4568	767	8102	3802	6880	34101
CA A.C	29458	17542	27941	30408	6822	8168	161	2180	382	2447	4723	15907	23670	2889	22837	2534	451	9067	2513	4412	18696
CA A.G	7816	3058	7893	8893	916	1777	29	347	42	291	1182	2336	2750	336	4309	634	87	747	507	810	3158
CA A.T	28329	15047	30063	32879	6961	7496	162	1847	353	2951	5385	14523	69629	2666	25442	2667	443	34434	2257	4200	20457
CA C.A	45660	20173	62070	66138	7284	9637	115	1897	300	2605	7520	15208	38026	3139	85298	4983	615	14033	3775	4976	25602
CA C.C	37505	15169	50539	50565	5741	5942	104	1399	222	2146	5734	13540	27449	1836	33032	3333	320	14936	2801	2745	14252
CA C.G	8867	3416	9597	10081	878	2352	48	279	33	212	1015	2162	5530	395	12793	781	75	2282	583	529	3701
CA C.T	41072	27080	50730	50064	6429	6567	122	1881	256	2404	6562	14701	132299	3518	65309	3799	404	102955	2799	4102	26569
CA G.A	30605	14890	33343	36253	5736	8150	120	1712	223	1738	4538	10139	28925	3116	19473	3573	442	6099	2675	4538	38511
CA G.C	26412	10151	25666	28573	3977	4873	66	1023	155	1035	3458	10131	17632	1588	10878	2127	254	10312	1966	2451	13310
CA G.G	7624	2496	6365	7667	634	1644	19	252	26	159	796	1676	2845	265	2431	591	82	980	460	519	3444
CA G.T	22244	13400	20577	23875	4543	4924	81	1297	199	1260	3535	9530	64653	2629	11720	2281	277	51222	2005	3528	25404
CA T.A	39384	25962	37172	49005	12800	9462	128	2242	320	1749	8305	13273	200110	4802	53881	7033	504	25815	8754	4512	38786
CA T.C	38916	17237	39051	46675	8276	7713	105	1661	221	1572	7078	12996	45915	2154	64044	4730	311	13705	5082	2948	24157
CA T.G	6901	3093	4902	6288	967	1721	27	363	26	150	1069	1704	7808	399	5203	739	63	967	776	580	4679
CA T.T	43938	43652	40676	50651	12809	11581	195	3800	305	2128	8171	16726	1409870	8225	66288	6689	429	178292	6688	6694	63742
CG A.A	15313	9303	17133	16884	5914	6431	104	1387	276	2118	3983	11682	11024	1711	22117	1974	338	4427	1948	2577	10813
CG A.C	9131	5096	5071	7432	3002	2959	43	773	156	734	2583	6096	3879	918	12968	892	132	1842	972	1412	6548
CG A.G	3595	1537	1815	2583	1070	1179	33	291	24	177	794	2876	770	286	7113	294	48	836	259	398	2238
CG A.T	16492	8803	10523	12209	5439	4676	80	1098	244	1795	4318	11392	7718	1920	23228	1591	231	3516	1822	1994	12477
CG C.A	10857	5371	8786	13142	3797	2564	36	471	109	672	2348	7434	2133	874	13244	1463	159	1379	1760	1165	7060
CG C.C	11214	4655	6572	9694	3025	2525	42	454	112	569	2471	6558	1626	738	15062	950	171	1121	1176	1080	5479
CG C.G	3659	1515	2032	3305	1157	1338	31	292	27	103	499	2348	506	142	10004	361	47	635	514	261	1745
CG C.T	16045	7694	7967	12686	5086	3503	68	645	162	844	3682	10668	2943	1240	21996	1629	274	1988	2249	1575	10009
CG G.A	7503	3697	7077	9232	2461	2114	34	509	84	666	1699	5012	3681	738	7094	919	143	2032	926	1027	4752
CG G.C	9289	4195	5271	7658	2217	2528	31	418	118	462	1580	5872	4083	836	11081	805	158	1913	813	1314	5443
CG G.G	3232	837	1628	2421	593	998	23	138	132	74	401	1243	465	105	4329	256	55	413	239	391	1032
CG G.T	9302	5158	5107	7504	3603	2557	40	513	114	557	1967	8116	4161	1323	13584	911	168	2281	1066	1778	6901
CG T.A	15899	17191	32141	42907	30743	5226	56	708	187	2252	3862	17629	5037	1773	22084	22307	603	9710	33118	1563	25996
CG T.C	15085	9499	11238	18286	9723	4244	55	683	215	1043	4240	10535	3226	1282	28888	5133	357	3294	7587	1439	11792
CG T.G	3150	1339	2789	3013	1621	1155	31	170	34	382	510	1908	546	152	5933	940	44	794	1356	205	2142
CG T.T	32017	29441	28642	52450	41846	10489	133	1287	474	2603	6926	27617	12228	3078	57138	24278	984	14312	40684	3114	40521
CT A.A	53056	33091	16917	24011	12148	19182	379	3513	743	3933	7797	17543	75379	6107	58794	3948	1015	67309	4914	7571	32336
CT A.C	26994	13382	7831	10737	4819	7692	163	1699	415	1841	4423	8565	34271	3113	468792	1888	547	34583	2625	4157	16002
CT A.G	49690	99257	6467	7916	9875	29937	1214	13174	2177	15324	8667	20863	132448	8641	42636	4070	950	66826	4238	13537	74066
CT A.T	34535	18676	11498	14794	7513	9340	241	2479	533	3085	6235	14154	49310	4117	227728	2461	503	38054	3418	5038	23491
CT C.A	47265	19756	19198	26106	7669	9447	221	2153	653	2535	6616	11644	20808	4786	1442592	4200	686	10678	6384	5634	26186
CT C.C	37485	17736	13715	18225	5417	9050	260	2246	871	2848	5664	12965	24735	3714	1830870	3017	613	20875	4549	5539	20630
CT C.G	35812	57585	5304	7578	6540	18993	624	6148	951	5422	4601	13612	76355	5609	234679	3073	575	31439	3688	7479	50150
CT C.T	55472	23751	20729	26885	9202	12794	357	2441	889	3523	7693	18029	33661	4961	1594445	4318	808	20993	6344	7432	26393
CT G.A	44324	21147	10816	16332	6515	9178	197	1996	512	1747	5847	12039	61125	4039	30467	2899	720	77709	3774	5131	22134
CT G.C	39311	20552	7472	12142	5304	9081	242	2214	776	2192	5300	10771	112195	3780	307722	2305	650	83552	3192	5367	20480
CT G.G	41688	76694	4671	6751	7064	23514	635	7900	1325	7626	4905	16085	181854	6440	34533	3282	654	88016	3416	9382	60340
CT G.T	40166	20201	9965	13095	5862	9209	273	2117	666	2351	5538	11311	118669	4840	325888	2516	646	65673	3711	6096	21219
CT T.A	49342	42188	34062	57047	47638	11643	216	2206	485	2429	9340	18917	42954	7392	3985968	35853	1426	26334	51022	4973	61737
CT T.C	40113	28514	18367	25513	15412	12019	223	2300	648	2780	7836	13445	87841	6004	6932524	9535	972	28276	12073	6168	35768
CT T.G	24461	41322	4860	7060	7842	13302	433	4944	719	4780	3609	9786	332058	4070	1497474	4811	532	30110	5963	5570	37164
CT T.T	55416	38141	28421	39875	31830	25512	236	2517	842	3501	7647	17307	197296	7820	2576116	20313	1290	38453	27364	6680	51819
TA A.A	30029	11958	12567	16059	6026	7948	103	1105	314	1945	8967	7755	13926	3462	98868	1743	441	6454	2118	4790	13184
TA A.C	18674	9367	12915	5972	3441	3699	64	814	217	1839	2795	6056	8653	1883	30409	1035	279	3755	1087	3397	10848
TA A.G	23057	8594	12561	14210	3807	4648	101	781	206	1469	7159	7850	4644	1877	37270	1320	387	2656	1456	3972	9603
TA A.T	25145	23943	9357	11418	6360	8002	152	2145	277	2137	5347	11861	58015	5061	239133	1907	356	20481	2378	5296	32413
TA C.A	18235	6176	12464	15949	2926	2971	38	546	144	1152	12186	7547	5364	1425	23903	1311	147	1969	1419	1903	7799
TA C.C	24303	9435	10973	11124	4387	4820	56	745	166	1577	5974	9488	10711	1432	32904	1380	252	5200	1140	1947	22343
TA C.G	28020	8060	22129	24370	3822	4002	66	717	151	1417	13643	10272	5594	1484	20215	1856	256	2605	1682	2547	12961
TA C.T	25944	13173	18379	16167	5739	4466	94	1194	237	3286	7444	13510	13175	2817	66490	1654	251	4665	1686	3284	61583
TA G.A	10708	4002	9657	10767	2151	2406	50	371	108	961	5414	4423	4796	1265	20859	879	148	2074	964	1601	4993
TA G.C	10845	4435	3656	4437	1925	1762	23	340	85	526	1879	4294	5082	1255	11944	549	104	3500	623	1361	7847
TA G.G	14088	5270	11774	12882	2906	4533	39	437	163	990	3561	5620	6391	854	20980	1023	243	2770	1021	1699	6275
TA G.T	12143	7337	6935	8394	3655	2983	76	713	128	1511	2399	7790	8254	1581	39912	844	222	3883	1054	2220	17330
TA T.A	25377	22292	9756	16144	5654	8053	127	2011	215	1369	10729	9278	35956	5265	82929	1663	252	8032	2204	4392	34089
TA T.C	22524	6413	6393	7113	3126	2621	63	743	143	1160	4703	6737	7506	1194	51928	860	157	3178	956	1745	10673
TA T.G	17141	5143	11869	11024	2319	2474	34	461	122	1205	7412	4821	6160	1617	28588	964	139	2199	1113	2513	6944
TA T.T	28912	20793	8876	14837	8256	7513	148	1863	327	2670	9035	14352	50540	3995	336638	1866	368	14642	2212	4794	36901
TC A.A	125647	30265	19791	36781	11556	19283	339	2797	1077	3767	9696	18196	86501	5974	74161	3740	1059	26538	9269	8697	29743
TC A.C	38336	10317	3750	6246	3951	5588	118	1052	452	1557	2498	7697	38631	2587	22173	1024	346	11081	1623	3329	14617
TC A.G	85140	17846	11785	23735	5978	9616	205	1609	750	2413	6258	12300	46459	3646	41415	2176	719	23017	4922	5904	19217
TC A.T	78432	21047	12433	19088	8502	11617	292	2527	1016	3887	6333	16656	59677	5634	87736	2388	797	13347	5001	7857	28998
TC C.A	46931	12064	9779	16649	3894	5402	119	877	293	1475	4495	7795	25227	3009	50240	1709	294	11179	3197	3280	21781
TC C.C	45300	13012	4449	7412	4858	6108	130	1057	631	1699	2818	9709	23328	3186	30334	1316	318	11073	1381	4222	65265
TC C.G	49372	15058	8353	14868	4235	6056	120	979	400	1219	3857	8401	33624	3213	28206	1606	342	20504	2269	3579	46911
TC C.T	49009	21302	8904	12529	6135	8464	144	1229	435	1975	3985	10941	38513	6784	172488	1866	346	13019	2479	5146	201028
TC G.A	67373	17342	8832	15922	4110	6936	140	1336	429	1580	4240	8405	98269	2892	26822	1661	381	29597	3646	4223	17127
TC G.C	32098	9695	2855	4529	2795	4879	94	931	385	1163	1747	5778	73335	2624	16287	923	220	16966	1098	3086	19993
TC G.G	47238	12435	6079	12427	3618	6586	121	951	348	1324	2711	7157	51175	2335	24054	1649	358	23715	1986	3126	18462
TC G.T	53116	15787	6794	10948	4715	7487	158	1516	503	1894	3383	9289	104696	3479	291858	1510	422	22113	2362	4758	30769
TC T.A	75696	16575	14438	17730	5249	7353	150	1364	461	2218	5854	9930	66913	3886	170747	1758	380	17698	4096	4934	26356
TC T.C	41696	14830	6837	6454	5185	7937	175	1485	492	2236	2832	9416	63584	4037	69249	1369	327	17086	1416	4554	27770
TC T.G	44355	9527	5693	12414	3021	4873	93	897	383	1323	2757	5594	41798	2169	66084	1715	269	13623	1999	2945	17542
TC T.T	57259	25314	10161	13783	8220	10751	199	1771	666	3104	5236	13604	119741	5743	162463	2232	551	28105	3049	7407	42570
TG A.A	11555	6420	5535	4314	2951	4488	59	641	166	1268	2505	4090	20976	3677	35766	614	104	3293	757	4068	10213
TG A.C	5848	2755	2190	1473	1173	1843	22	264	106	484	1876	1765	19694	975	18600	270	72	3623	353	848	8375
TG A.G	8828	4262	3313	3992	2532	3248	43	532	134	779	2611	5329	11584	1213	39800	598	105	2460	654	1510	7642
TG A.T	13124	10077	5005	3304	3069	3880	60	609	150	1040	4728	4566	147175	4130	35953	819	127	16054	1135	2571	83432
TG C.A	6444	3926	1930	3163	1324	1440	19	260	72	310	1308	2642	20633	2476	12358	373	54	1827	601	2359	7976
TG C.C	9774	5390	1705	2423	1725	1980	36	253	94	393	1535	3641	13512	1592	19248	427	89	3245	491	1021	30581
TG C.G	11134	6883	3852	6027	2781	2762	32	430	97	544	1942	6171	19919	2119	31210	723	115	3441	864	1998	19691
TG C.T	19011	30607	5522	4785	4841	3495	62	510	137	613	2763	6006	121510	13641	57950	1496	143	10343	1457	5165	489735
TG G.A	5150	2311	2308	2050	1270	2183	24	233	64	505	837	2503	7216	1188	9598	281	55	1177	398	1160	3876
TG G.C	4675	2329	948	1107	992	1857	17	159	69	229	587	2002	11123	828	8962	206	58	2494	255	785	8371
TG G.G	9883	6002	2926	4510	2845	9009	42	509	573	627	1208	8976	8848	1174	50390	798	231	2232	685	2599	8611
TG G.T	10537	10661	3419	2623	2697	3597	42	486	117	634	1344	4635	39153	5918	62540	693	93	7015	691	2849	115243
TG T.A	11998	6641	4607	5254	2821	3819	51	503	131	960	2588	4476	67191	4531	41949	673	108	5986	975	5380	14190
TG T.C	9576	4102	3326	2667	1968	2843	28	365	95	681	3099	3347	41853	1257	34224	475	105	3481	553	1147	13895
TG T.G	10944	6567	4862	5797	3244	3821	55	532	131	1060	2710	6119	20563	1879	36232	771	143	3545	944	2164	13684
TG T.T	26656	26322	13009	8050	7297	8983	120	1175	313	2167	6698	10104	656039	9412	117365	1828	287	44449	2236	6573	161827
